1613908351593 0.006239087262656539 0
1613908352702 0.004073886229889467 1
1613908353840 0.0036456292582442984 2
1613908354937 0.0033715371828293423 3
1613908356070 0.0032491609308635816 4
1613908357209 0.003101895345025696 5
1613908358356 0.0029764551436528563 6
1613908359533 0.0028287034947425127 7
1613908360684 0.0027324639377184212 8
1613908361858 0.002609253555419855 9
1613908362955 0.002514865715056658 10
1613908364118 0.0023992258065845817 11
1613908365327 0.0023066851281328127 12
1613908366521 0.002184067583584692 13
1613908367696 0.0020928022495354526 14
1613908368826 0.001993947837036103 15
1613908369970 0.0019185575220035387 16
1613908371174 0.0018263293022755533 17
1613908372382 0.001731182332150638 18
1613908373510 0.0016635664214845745 19
1613908374626 0.0016186636566999368 20
1613908375806 0.0015264790708897635 21
1613908377018 0.001455839170375839 22
1613908378231 0.001421972905518487 23
1613908379371 0.0013632815607707016 24
1613908380545 0.0013043524959357458 25
1613908381725 0.0012456954209483229 26
1613908382867 0.0011938203824684026 27
1613908384050 0.0011446221033111215 28
1613908385215 0.0010783473917399535 29
1613908386501 0.0010463033249834552 30
1613908387717 0.001010280455375323 31
1613908388933 0.0009654292043705939 32
1613908390118 0.0009231424519384744 33
1613908391386 0.0009160713925666641 34
1613908392583 0.0008760742748563644 35
1613908393796 0.0008112708637781907 36
1613908395047 0.0008010265009943395 37
1613908396271 0.0007676229142816738 38
1613908397472 0.0007555701886303722 39
1613908398699 0.0007398926609312184 40
1613908399966 0.0006935250894457569 41
1613908401294 0.0006792673957534134 42
1613908402528 0.0006434156512113987 43
1613908403758 0.0006327694445644738 44
1613908404967 0.0006161684923426946 45
1613908406215 0.0006091702998674009 46
